  -1.4943529e-05
  -9.0187220e-06
  -1.0552050e-05
  -1.2409391e-05
  -2.2233942e-05
  -2.4839732e-05
  -1.9064421e-05
  -2.1991643e-05
  -2.5122349e-05
  -3.0539393e-05
  -3.1313072e-05
  -3.5075986e-05
  -4.2095873e-05
  -4.8043999e-05
  -4.6557251e-05
  -4.7160040e-05
  -5.9037529e-05
  -5.4991927e-05
  -5.5861766e-05
  -5.6638994e-05
  -5.8828458e-05
  -6.3601817e-05
  -5.7971652e-05
  -5.0480188e-05
  -4.8088204e-05
  -3.6162522e-05
  -2.4082081e-05
  -2.3394421e-05
  -3.0667363e-06
   3.1174460e-06
   6.0532440e-06
   5.9791333e-06
   3.2104849e-06
  -1.3845514e-06
  -7.3055263e-06
  -1.4411653e-05
  -2.1990511e-05
  -2.9985896e-05
  -3.8767086e-05
  -4.7303889e-05
  -5.7362391e-05
  -6.7886318e-05
  -6.2081558e-05
  -4.9652497e-05
  -3.8970283e-05
  -3.2682530e-05
  -3.1346973e-05
  -3.3830445e-05
  -3.8989886e-05
  -4.5394721e-05
  -5.4047954e-05
  -6.3985087e-05
  -7.4943310e-05
  -8.8318392e-05
  -1.0262473e-04
  -1.2532215e-04
  -1.3834917e-04
  -1.5479068e-04
  -7.1482546e-05
  -4.2014590e-05
  -3.8082154e-05
  -4.2407387e-05
  -4.9980588e-05
  -5.9740647e-05
  -7.1506193e-05
  -8.5426456e-05
  -1.0160574e-04
  -1.1600886e-04
  -1.3165232e-04
  -1.5598720e-04
  -1.8963682e-04
  -2.2670260e-04
  -2.7008579e-04
  -3.2130995e-04
  -3.8179446e-04
  -4.5266897e-04
  -5.3542457e-04
  -6.3177013e-04
  -7.4306949e-04
  -8.7087405e-04
  -1.0239878e-03
  -1.1821151e-03
  -1.3657460e-03
  -1.5742612e-03
  -1.7861193e-03
  -2.0205865e-03
  -2.2699070e-03
  -2.5220069e-03
  -2.7810722e-03
  -3.0297999e-03
  -3.1081275e-03
  -2.5923337e-03
  -2.8159595e-03
  -2.8712995e-03
  -2.3892906e-03
  -2.5892635e-03
  -2.6356036e-03
  -2.1989104e-03
  -2.3870565e-03
  -2.4344842e-03
  -2.0233897e-03
  -2.2074893e-03
  -2.2524692e-03
  -1.8656397e-03
  -2.0280615e-03
  -2.0723193e-03
  -1.7189031e-03
  -1.8618168e-03
  -1.9011567e-03
  -1.5752351e-03
  -1.7104234e-03
  -1.7494011e-03
  -1.4505392e-03
  -1.5795090e-03
  -1.6151404e-03
  -1.3365315e-03
  -1.4595030e-03
  -1.4896307e-03
  -1.2309922e-03
  -1.3413029e-03
  -1.3690418e-03
  -1.1328349e-03
  -1.2349271e-03
  -1.2624492e-03
  -1.0438726e-03
  -1.1386132e-03
  -1.1652068e-03
  -9.6372551e-04
  -1.0468916e-03
  -1.0696273e-03
  -8.8588133e-04
  -9.6486601e-04
  -9.8478513e-04
  -8.1581914e-04
  -8.9010497e-04
  -9.1207440e-04
  -7.5453476e-04
  -8.1912918e-04
  -8.3786929e-04
  -6.9495354e-04
  -7.5536358e-04
  -7.7400465e-04
  -6.4287249e-04
  -6.9880332e-04
  -7.1597155e-04
  -5.9255397e-04
  -6.4374598e-04
  -6.6000048e-04
  -5.4635373e-04
  -5.9308741e-04
  -6.1052472e-04
  -5.0525657e-04
  -5.4848806e-04
  -5.6297654e-04
  -4.6633795e-04
  -5.0609326e-04
  -5.2015505e-04
  -4.3019507e-04
  -4.6779534e-04
  -4.8053112e-04
  -3.9747308e-04
  -4.3117458e-04
  -4.4387305e-04
  -3.6733381e-04
  -3.9821226e-04
  -4.0991670e-04
  -3.3929186e-04
  -3.6790572e-04
  -3.7871162e-04
  -3.1398500e-04
  -3.3994105e-04
  -3.5030831e-04
  -2.8989242e-04
  -3.1409754e-04
  -3.2288252e-04
  -2.6772185e-04
  -2.8933758e-04
  -2.9875248e-04
  -2.4816779e-04
  -2.6807655e-04
  -2.7663575e-04
  -2.2920319e-04
  -2.4730946e-04
  -2.5445293e-04
  -2.1187693e-04
  -2.2840903e-04
  -2.3857421e-04
  -2.0236237e-04
  -2.1687191e-04
  -2.2969975e-04
  -2.2988176e-04
  -1.9609001e-04
  -2.0688741e-04
  -2.1571171e-04
  -2.2223083e-04
  -2.0728525e-04
  -1.7363137e-04
  -1.7808017e-04
  -1.8288070e-04
  -1.6912342e-04
  -1.3734049e-04
  -1.3997037e-04
  -1.3474997e-04
  -1.0867347e-04
  -9.4546055e-05
  -9.9076396e-05
  -9.7311006e-05
  -7.5223979e-05
  -6.2799216e-05
  -5.4418220e-05
  -4.7948048e-05
  -4.2531783e-05
  -3.7778677e-05
  -3.3527833e-05
  -2.9606758e-05
  -2.6155883e-05
  -2.2951843e-05
  -2.0198115e-05
  -1.7201199e-05
  -1.4806365e-05
  -1.2385430e-05
  -1.0179542e-05
  -8.3452153e-06
  -6.5083542e-06
  -4.9455518e-06
  -3.8105481e-06
  -2.7295009e-06
  -2.2415833e-06
  -2.8580313e-06
  -3.7365078e-06
  -5.5969684e-06
  -8.3279233e-06
  -1.1608795e-05
  -2.1766972e-05
  -3.7575012e-05
  -6.2298300e-05
  -8.9379017e-05
  -1.1234846e-04
  -1.1943382e-04
  -1.0438078e-04
