   2.9663410e-05
   2.6081535e-05
   3.0634344e-05
   3.5767235e-05
   4.8257960e-05
   6.5297098e-05
   5.5214330e-05
   6.3612746e-05
   7.2722732e-05
   8.8395121e-05
   9.0585684e-05
   1.0176183e-04
   1.2207013e-04
   1.2954893e-04
   1.3500756e-04
   1.3697677e-04
   1.4976165e-04
   1.5981456e-04
   1.6232545e-04
   1.6460626e-04
   1.7119392e-04
   1.8515547e-04
   1.6859666e-04
   1.4749362e-04
   1.3976304e-04
   1.0487645e-04
   6.9341194e-05
   5.0077100e-05
   7.8793880e-06
  -1.0261901e-05
  -1.8809125e-05
  -1.8379898e-05
  -1.0011382e-05
   3.5291454e-06
   2.1341628e-05
   4.2262575e-05
   6.4860145e-05
   8.8297484e-05
   1.1413308e-04
   1.3943555e-04
   1.6876961e-04
   1.9965285e-04
   1.8186489e-04
   1.4390224e-04
   1.1088978e-04
   9.0804410e-05
   8.4812226e-05
   9.0329094e-05
   1.0348538e-04
   1.1948629e-04
   1.4232280e-04
   1.6810438e-04
   1.9640372e-04
   2.3113147e-04
   2.6776275e-04
   3.1318838e-04
   3.5894937e-04
   3.9823720e-04
   1.4773815e-04
   5.0086263e-05
   2.4359668e-05
   2.0193399e-05
   2.1874646e-05
   2.5635675e-05
   3.0656024e-05
   3.6296839e-05
   4.1918995e-05
   3.6909160e-05
   2.7813348e-05
   3.0055830e-05
   4.3615342e-05
   5.3093048e-05
   6.3501315e-05
   7.5706096e-05
   9.0047600e-05
   1.0712183e-04
   1.2707984e-04
   1.5035140e-04
   1.7765140e-04
   2.0920147e-04
   2.4877210e-04
   2.8792597e-04
   3.3458672e-04
   3.8900468e-04
   4.4580248e-04
   5.1023144e-04
   5.8101106e-04
   6.5495736e-04
   7.3526252e-04
   8.1468441e-04
   8.5200903e-04
   7.2349753e-04
   8.0046001e-04
   8.3040415e-04
   7.0234852e-04
   7.7483695e-04
   8.0086095e-04
   6.7928288e-04
   7.4750742e-04
   7.7440731e-04
   6.5275289e-04
   7.2354688e-04
   7.4758512e-04
   6.2756084e-04
   6.9081063e-04
   7.1590607e-04
   6.0137994e-04
   6.5817714e-04
   6.9079218e-04
   5.7082575e-04
   6.2680400e-04
   6.4895061e-04
   5.4327056e-04
   5.9773014e-04
   6.1841015e-04
   5.1688715e-04
   5.7081237e-04
   5.8739079e-04
   4.9020522e-04
   5.3987575e-04
   5.5550332e-04
   4.6385988e-04
   5.1045928e-04
   5.2641186e-04
   4.3893187e-04
   4.8345322e-04
   4.9848000e-04
   4.1548285e-04
   4.5477559e-04
   4.6862989e-04
   3.9071075e-04
   4.2914698e-04
   4.4116226e-04
   3.6830796e-04
   4.0500510e-04
   4.1777721e-04
   3.4774799e-04
   3.8018843e-04
   3.9191716e-04
   3.2688205e-04
   3.5742607e-04
   3.6881543e-04
   3.0870973e-04
   3.3727182e-04
   3.4778897e-04
   2.8959860e-04
   3.1644322e-04
   3.2654946e-04
   2.7172287e-04
   2.9672364e-04
   3.0749431e-04
   2.5579946e-04
   2.7897949e-04
   2.8809150e-04
   2.3995943e-04
   2.6187318e-04
   2.7062112e-04
   2.2489523e-04
   2.4589058e-04
   2.5379098e-04
   2.1099086e-04
   2.3006066e-04
   2.3825484e-04
   1.9832597e-04
   2.1627228e-04
   2.2379047e-04
   1.8629963e-04
   2.0303931e-04
   2.1038917e-04
   1.7549461e-04
   1.9104118e-04
   1.9803304e-04
   1.6477295e-04
   1.7945422e-04
   1.8563108e-04
   1.5474117e-04
   1.6825563e-04
   1.7458300e-04
   1.4568366e-04
   1.5830671e-04
   1.6434432e-04
   1.3701210e-04
   1.4870588e-04
   1.5404146e-04
   1.2887518e-04
   1.3839212e-04
   1.3899816e-04
   1.0798111e-04
   9.6109879e-05
   6.5712036e-05
   1.0619181e-05
  -5.0216327e-05
  -1.4151628e-04
  -2.7821624e-04
  -4.7641695e-04
  -6.6251930e-04
  -7.8128543e-04
  -1.0905407e-03
  -1.5168758e-03
  -1.8635205e-03
  -1.9259150e-03
  -2.4904055e-03
  -3.0388885e-03
  -3.0267427e-03
  -3.1803564e-03
  -4.0727518e-03
  -4.9165372e-03
  -4.6069284e-03
  -4.6005958e-03
  -4.6725226e-03
  -4.7779031e-03
  -4.8730825e-03
  -5.0080668e-03
  -5.1115349e-03
  -5.2038389e-03
  -5.2718079e-03
  -5.3382093e-03
  -5.3699737e-03
  -5.4276731e-03
  -5.4449161e-03
  -5.4714210e-03
  -5.4867150e-03
  -5.4866997e-03
  -5.4677958e-03
  -5.4360910e-03
  -5.3651901e-03
  -5.2801411e-03
  -5.1130137e-03
  -4.8439708e-03
  -4.5027896e-03
  -4.0315206e-03
  -3.5362321e-03
  -3.0392479e-03
  -2.9184149e-03
  -2.3982371e-03
  -1.1543540e-03
   6.0517400e-04
   2.6771071e-03
   4.2601867e-03
   4.6765865e-03
