   1.2000000e-05
   1.4400000e-05
   1.7280000e-05
   2.0736000e-05
   2.4883200e-05
   2.9859840e-05
   3.5831808e-05
   4.2998170e-05
   5.1597804e-05
   6.1917364e-05
   7.4300837e-05
   8.9161004e-05
   1.0699321e-04
   1.2839185e-04
   1.5407022e-04
   1.8488426e-04
   2.2186111e-04
   2.6623333e-04
   3.1948000e-04
   3.8337600e-04
   4.6005120e-04
   5.5206144e-04
   6.6247373e-04
   7.9496847e-04
   9.5396217e-04
   1.1447546e-03
   1.3737055e-03
   1.6484466e-03
   1.9781359e-03
   2.3737631e-03
   2.8485158e-03
   3.4182189e-03
   4.1018627e-03
   4.9222352e-03
   5.9066823e-03
   7.0880187e-03
   8.5056225e-03
   1.0206747e-02
   1.2248096e-02
   1.4697716e-02
   1.7637259e-02
   2.1164711e-02
   2.5397653e-02
   3.0477183e-02
   3.6572620e-02
   4.3887144e-02
   5.2664573e-02
   6.3197487e-02
   7.5836985e-02
   9.1004382e-02
   1.0920526e-01
   1.3104631e-01
   1.5725557e-01
   1.8870669e-01
   2.2644802e-01
   2.7173763e-01
   3.2608515e-01
   3.9130218e-01
   4.6956262e-01
   5.6347514e-01
   6.7617017e-01
   8.1140421e-01
   9.7368505e-01
   1.1684221e+00
   1.4021065e+00
   1.6825278e+00
   2.0190333e+00
   2.4228400e+00
   2.9074080e+00
   3.4888896e+00
   4.1866675e+00
   5.0240010e+00
   6.0288012e+00
   7.2345614e+00
   8.6814737e+00
   1.0417768e+01
   1.2501322e+01
   1.5001587e+01
   1.8001904e+01
   2.1602285e+01
   2.5922742e+01
   3.1107290e+01
   3.7328748e+01
   4.4794497e+01
   5.3753397e+01
   6.4504076e+01
   7.7404891e+01
   9.2885870e+01
   1.1146304e+02
   1.3375565e+02
   1.5202337e+02
   1.3884605e+02
   1.6600778e+02
   1.8762201e+02
   1.7096729e+02
   2.0382147e+02
   2.2999918e+02
   2.0978185e+02
   2.5100906e+02
   2.8377011e+02
   2.5825915e+02
   3.0984487e+02
   3.5070710e+02
   3.1815222e+02
   3.8143755e+02
   4.3190690e+02
   3.9178413e+02
   4.6808582e+02
   5.2892193e+02
   4.8019585e+02
   5.7451113e+02
   6.5030989e+02
   5.9081526e+02
   7.0897832e+02
   8.0358941e+02
   7.2864651e+02
   8.7437581e+02
   9.9007540e+02
   8.9676173e+02
   1.0752139e+03
   1.2173932e+03
   1.1037904e+03
   1.3245485e+03
   1.5026018e+03
   1.3617475e+03
   1.6340970e+03
   1.8551781e+03
   1.6802240e+03
   2.0132446e+03
   2.2798734e+03
   2.0697415e+03
   2.4821127e+03
   2.8117963e+03
   2.5541498e+03
   3.0649798e+03
   3.4862101e+03
   3.1605865e+03
   3.7859080e+03
   4.2884731e+03
   3.8987385e+03
   4.6784862e+03
   5.3286480e+03
   4.8380175e+03
   5.8056210e+03
   6.6074239e+03
   5.9947546e+03
   7.1937056e+03
   8.1815144e+03
   7.4326720e+03
   8.9192064e+03
   1.0181140e+04
   9.2450752e+03
   1.1094090e+04
   1.2668584e+04
   1.1507409e+04
   1.3808891e+04
   1.5784064e+04
   1.4343521e+04
   1.7212225e+04
   1.9683817e+04
   1.7892409e+04
   2.1470891e+04
   2.4597192e+04
   2.2378750e+04
   2.6854500e+04
   3.0805506e+04
   2.8048784e+04
   3.3658541e+04
   3.8665559e+04
   3.5230746e+04
   4.2276896e+04
   4.8652993e+04
   4.4351107e+04
   5.3221328e+04
   6.1104299e+04
   5.5846240e+04
   6.7015488e+04
   7.7355930e+04
   7.0747157e+04
   8.4896589e+04
   9.8048371e+04
   8.9701934e+04
   1.0764232e+05
   1.2401328e+05
   1.1392221e+05
   1.3670665e+05
   1.6044573e+05
   1.5106980e+05
   1.8128376e+05
   2.1754051e+05
   2.4829805e+05
   2.3871821e+05
   2.8646186e+05
   3.4375423e+05
   4.1250508e+05
   4.4781236e+05
   4.2980370e+05
   5.0887801e+05
   6.1065361e+05
   6.5983032e+05
   6.1525926e+05
   7.2446537e+05
   8.1026606e+05
   7.4849785e+05
   7.3881240e+05
   8.8657488e+05
   1.0082738e+06
   8.9287378e+05
   8.4363775e+05
   8.1973992e+05
   8.0576448e+05
   7.9534874e+05
   7.8596618e+05
   7.7603779e+05
   7.6498981e+05
   7.5324278e+05
   7.4093342e+05
   7.2818753e+05
   7.1529459e+05
   7.0253118e+05
   6.9003603e+05
   6.7796221e+05
   6.6631814e+05
   6.5525036e+05
   6.4445684e+05
   6.3344846e+05
   6.2166422e+05
   6.0794100e+05
   5.9038912e+05
   5.6787215e+05
   5.4398490e+05
   5.1994774e+05
   5.0338641e+05
   6.0406369e+05
   7.2487643e+05
   8.6985172e+05
   1.0438221e+06
   1.2525865e+06
   1.5031038e+06
   1.8037245e+06
