   7.4818747e-02
   7.4841991e-02
   7.4862432e-02
   7.4886448e-02
   7.4914495e-02
   7.4952348e-02
   7.5003591e-02
   7.5046942e-02
   7.5096911e-02
   7.5154066e-02
   7.5223583e-02
   7.5294874e-02
   7.5375022e-02
   7.5471250e-02
   7.5573476e-02
   7.5680121e-02
   7.5788438e-02
   7.5907000e-02
   7.6033676e-02
   7.6162507e-02
   7.6293317e-02
   7.6429543e-02
   7.6577088e-02
   7.6711625e-02
   7.6829469e-02
   7.6941264e-02
   7.7025235e-02
   7.7080792e-02
   7.7120934e-02
   7.7127251e-02
   7.7119024e-02
   7.7103945e-02
   7.7089212e-02
   7.7081188e-02
   7.7084017e-02
   7.7101123e-02
   7.7135006e-02
   7.7187028e-02
   7.7257892e-02
   7.7349563e-02
   7.7461669e-02
   7.7597525e-02
   7.7758474e-02
   7.7905305e-02
   7.8021636e-02
   7.8111369e-02
   7.8184907e-02
   7.8253641e-02
   7.8326895e-02
   7.8410883e-02
   7.8507942e-02
   7.8623671e-02
   7.8760530e-02
   7.8920659e-02
   7.9109418e-02
   7.9328521e-02
   7.9585380e-02
   7.9880546e-02
   8.0208991e-02
   8.0331099e-02
   8.0372528e-02
   8.0392683e-02
   8.0409393e-02
   8.0427498e-02
   8.0448720e-02
   8.0474104e-02
   8.0504166e-02
   8.0538895e-02
   8.0569483e-02
   8.0592539e-02
   8.0617459e-02
   8.0653632e-02
   8.0697683e-02
   8.0750393e-02
   8.0813268e-02
   8.0888102e-02
   8.0977194e-02
   8.1082982e-02
   8.1208279e-02
   8.1356515e-02
   8.1531341e-02
   8.1739607e-02
   8.1981156e-02
   8.2262531e-02
   8.2590592e-02
   8.2967774e-02
   8.3401072e-02
   8.3896570e-02
   8.4457810e-02
   8.5091259e-02
   8.5797342e-02
   8.6540528e-02
   8.7175449e-02
   8.7882029e-02
   8.8619633e-02
   8.9247156e-02
   8.9943356e-02
   9.0667269e-02
   9.1284749e-02
   9.1967934e-02
   9.2679795e-02
   9.3283074e-02
   9.3955263e-02
   9.4653644e-02
   9.5242940e-02
   9.5894850e-02
   9.6574014e-02
   9.7147350e-02
   9.7777795e-02
   9.8442820e-02
   9.8994943e-02
   9.9603918e-02
   1.0023740e-01
   1.0077008e-01
   1.0135864e-01
   1.0197030e-01
   1.0248370e-01
   1.0305294e-01
   1.0364121e-01
   1.0413411e-01
   1.0467901e-01
   1.0524194e-01
   1.0571376e-01
   1.0623483e-01
   1.0677424e-01
   1.0722559e-01
   1.0772440e-01
   1.0824056e-01
   1.0867222e-01
   1.0914619e-01
   1.0963625e-01
   1.1004610e-01
   1.1049761e-01
   1.1096322e-01
   1.1135309e-01
   1.1178300e-01
   1.1222779e-01
   1.1259905e-01
   1.1300601e-01
   1.1342669e-01
   1.1377847e-01
   1.1416407e-01
   1.1456300e-01
   1.1489773e-01
   1.1526428e-01
   1.1564319e-01
   1.1595942e-01
   1.1630572e-01
   1.1666390e-01
   1.1696258e-01
   1.1728941e-01
   1.1762883e-01
   1.1791176e-01
   1.1822091e-01
   1.1854081e-01
   1.1880777e-01
   1.1909962e-01
   1.1940180e-01
   1.1965336e-01
   1.1992887e-01
   1.2021373e-01
   1.2045095e-01
   1.2071001e-01
   1.2097874e-01
   1.2120279e-01
   1.2144746e-01
   1.2170104e-01
   1.2191244e-01
   1.2214316e-01
   1.2238258e-01
   1.2258256e-01
   1.2280054e-01
   1.2302680e-01
   1.2321531e-01
   1.2342086e-01
   1.2363376e-01
   1.2381145e-01
   1.2400488e-01
   1.2420582e-01
   1.2437369e-01
   1.2455630e-01
   1.2474609e-01
   1.2490448e-01
   1.2507657e-01
   1.2525502e-01
   1.2540446e-01
   1.2556509e-01
   1.2572658e-01
   1.2585215e-01
   1.2596399e-01
   1.2604050e-01
   1.2605287e-01
   1.2599439e-01
   1.2582971e-01
   1.2550642e-01
   1.2495430e-01
   1.2418958e-01
   1.2329234e-01
   1.2204820e-01
   1.2033356e-01
   1.1825223e-01
   1.1613007e-01
   1.1342896e-01
   1.1019794e-01
   1.0704985e-01
   1.0381612e-01
   9.9784058e-02
   9.5076465e-02
   9.0820350e-02
   8.6716165e-02
   8.2693664e-02
   7.8728718e-02
   7.4835331e-02
   7.0988368e-02
   6.7218826e-02
   6.3539487e-02
   5.9970232e-02
   5.6513406e-02
   5.3190948e-02
   4.9985798e-02
   4.6920121e-02
   4.3985618e-02
   4.1185126e-02
   3.8522268e-02
   3.6000829e-02
   3.3620358e-02
   3.1390154e-02
   2.9306888e-02
   2.7391374e-02
   2.5665889e-02
   2.4137227e-02
   2.2828193e-02
   2.1725041e-02
   2.0809721e-02
   1.9958668e-02
   1.9279329e-02
   1.8958677e-02
   1.9126270e-02
   1.9881202e-02
   2.1128996e-02
   2.2566340e-02
