1.3709759e-01
1.3708264e-01
1.3707362e-01
1.3706307e-01
1.3705066e-01
1.3702843e-01
1.3700359e-01
1.3698452e-01
1.3696253e-01
1.3693741e-01
1.3690687e-01
1.3687556e-01
1.3684048e-01
1.3679839e-01
1.3675034e-01
1.3670378e-01
1.3665662e-01
1.3659759e-01
1.3654259e-01
1.3648673e-01
1.3643009e-01
1.3637127e-01
1.3630766e-01
1.3624969e-01
1.3619921e-01
1.3615112e-01
1.3611496e-01
1.3609088e-01
1.3606748e-01
1.3606442e-01
1.3606754e-01
1.3607359e-01
1.3607957e-01
1.3608278e-01
1.3608139e-01
1.3607409e-01
1.3605968e-01
1.3603769e-01
1.3600770e-01
1.3596893e-01
1.3592163e-01
1.3586427e-01
1.3579638e-01
1.3573430e-01
1.3568465e-01
1.3564568e-01
1.3561299e-01
1.3558165e-01
1.3554782e-01
1.3550883e-01
1.3546343e-01
1.3540938e-01
1.3534540e-01
1.3527046e-01
1.3518214e-01
1.3507951e-01
1.3495419e-01
1.3481584e-01
1.3466105e-01
1.3458957e-01
1.3454755e-01
1.3450947e-01
1.3446706e-01
1.3441708e-01
1.3435734e-01
1.3428584e-01
1.3420041e-01
1.3409880e-01
1.3398279e-01
1.3385114e-01
1.3369516e-01
1.3350552e-01
1.3327882e-01
1.3300873e-01
1.3268742e-01
1.3230563e-01
1.3185296e-01
1.3131753e-01
1.3068576e-01
1.2994269e-01
1.2907182e-01
1.2804783e-01
1.2686572e-01
1.2549997e-01
1.2392571e-01
1.2213959e-01
1.2011900e-01
1.1784910e-01
1.1532709e-01
1.1254602e-01
1.0951622e-01
1.0640809e-01
1.0381576e-01
1.0099980e-01
9.8128496e-02
9.5739206e-02
9.3149942e-02
9.0514339e-02
8.8315428e-02
8.5928372e-02
8.3493888e-02
8.1470498e-02
7.9263008e-02
7.7010539e-02
7.5144900e-02
7.3116838e-02
7.1044519e-02
6.9325616e-02
6.7463799e-02
6.5562642e-02
6.3987407e-02
6.2276984e-02
6.0527583e-02
5.9077043e-02
5.7497534e-02
5.5882394e-02
5.4545862e-02
5.3086359e-02
5.1596729e-02
5.0365736e-02
4.9024434e-02
4.7655392e-02
4.6522557e-02
4.5287630e-02
4.4025181e-02
4.2981308e-02
4.1842695e-02
4.0677488e-02
3.9713762e-02
3.8666871e-02
3.7597243e-02
3.6711362e-02
3.5746496e-02
3.4761711e-02
3.3945892e-02
3.3055787e-02
3.2143712e-02
3.1389178e-02
3.0570049e-02
2.9732179e-02
2.9037226e-02
2.8281862e-02
2.7507857e-02
2.6864985e-02
2.6166182e-02
2.5450210e-02
2.4857656e-02
2.4213910e-02
2.3553910e-02
2.3007556e-02
2.2414469e-02
2.1803944e-02
2.1298687e-02
2.0750199e-02
2.0187223e-02
1.9720885e-02
1.9214791e-02
1.8694636e-02
1.8264441e-02
1.7796646e-02
1.7316115e-02
1.6918642e-02
1.6487467e-02
1.6043594e-02
1.5676260e-02
1.5278048e-02
1.4868131e-02
1.4528840e-02
1.4160934e-02
1.3782222e-02
1.3468237e-02
1.3128296e-02
1.2777988e-02
1.2488095e-02
1.2173998e-02
1.1851115e-02
1.1583394e-02
1.1294056e-02
1.0995303e-02
1.0747136e-02
1.0479059e-02
1.0202423e-02
9.9732202e-03
9.7259107e-03
9.4714578e-03
9.2595809e-03
9.0311718e-03
8.7925976e-03
8.5902352e-03
8.3733633e-03
8.1436636e-03
7.9137818e-03
7.7176918e-03
7.5108044e-03
7.2950927e-03
7.0728619e-03
6.8655766e-03
6.6919452e-03
6.5138651e-03
6.3309844e-03
6.1618610e-03
6.0245205e-03
5.8845501e-03
5.7498001e-03
5.6411267e-03
5.5465806e-03
5.4475042e-03
5.3501932e-03
5.2749692e-03
5.2121700e-03
5.1577518e-03
5.1098037e-03
5.0672720e-03
5.0294933e-03
4.9959654e-03
4.9663587e-03
4.9402028e-03
4.9172510e-03
4.8970528e-03
4.8798516e-03
4.8650453e-03
4.8526599e-03
4.8424803e-03
4.8341351e-03
4.8276267e-03
4.8226812e-03
4.8188706e-03
4.8161411e-03
4.8138996e-03
4.8110415e-03
4.8073050e-03
4.8017080e-03
4.7933801e-03
4.7817713e-03
4.7600044e-03
4.7224293e-03
4.6601310e-03
4.5707520e-03
4.4584036e-03
4.3389698e-03
4.2345890e-03
