   3.9788955e-01
   3.9791921e-01
   3.9794529e-01
   3.9797592e-01
   3.9801169e-01
   3.9805995e-01
   3.9812525e-01
   3.9818046e-01
   3.9824407e-01
   3.9831680e-01
   3.9840519e-01
   3.9849578e-01
   3.9859754e-01
   3.9871961e-01
   3.9884916e-01
   3.9898417e-01
   3.9912114e-01
   3.9927090e-01
   3.9943072e-01
   3.9959304e-01
   3.9975765e-01
   3.9992884e-01
   4.0011400e-01
   4.0028260e-01
   4.0043009e-01
   4.0056985e-01
   4.0067473e-01
   4.0074407e-01
   4.0079415e-01
   4.0080203e-01
   4.0079177e-01
   4.0077296e-01
   4.0075458e-01
   4.0074457e-01
   4.0074809e-01
   4.0076944e-01
   4.0081170e-01
   4.0087656e-01
   4.0096486e-01
   4.0107899e-01
   4.0121843e-01
   4.0138719e-01
   4.0158685e-01
   4.0176871e-01
   4.0191261e-01
   4.0202350e-01
   4.0211431e-01
   4.0219912e-01
   4.0228945e-01
   4.0239294e-01
   4.0251242e-01
   4.0265474e-01
   4.0282285e-01
   4.0301925e-01
   4.0325038e-01
   4.0351815e-01
   4.0383134e-01
   4.0419028e-01
   4.0458852e-01
   4.0473626e-01
   4.0478635e-01
   4.0481071e-01
   4.0483090e-01
   4.0485277e-01
   4.0487841e-01
   4.0490907e-01
   4.0494536e-01
   4.0498728e-01
   4.0502419e-01
   4.0505200e-01
   4.0508206e-01
   4.0512568e-01
   4.0517877e-01
   4.0524227e-01
   4.0531798e-01
   4.0540802e-01
   4.0551515e-01
   4.0564223e-01
   4.0579258e-01
   4.0597023e-01
   4.0617943e-01
   4.0642820e-01
   4.0671613e-01
   4.0705071e-01
   4.0743972e-01
   4.0788552e-01
   4.0839575e-01
   4.0897676e-01
   4.0963172e-01
   4.1036698e-01
   4.1118167e-01
   4.1203368e-01
   4.1275717e-01
   4.1355763e-01
   4.1438804e-01
   4.1509039e-01
   4.1586522e-01
   4.1666609e-01
   4.1734537e-01
   4.1809288e-01
   4.1886728e-01
   4.1952004e-01
   4.2024358e-01
   4.2099117e-01
   4.2161873e-01
   4.2230954e-01
   4.2302545e-01
   4.2362683e-01
   4.2428500e-01
   4.2497579e-01
   4.2554662e-01
   4.2617342e-01
   4.2682237e-01
   4.2736565e-01
   4.2796338e-01
   4.2858179e-01
   4.2909867e-01
   4.2966949e-01
   4.3025688e-01
   4.3074708e-01
   4.3128696e-01
   4.3184246e-01
   4.3230632e-01
   4.3281678e-01
   4.3334319e-01
   4.3378212e-01
   4.3426558e-01
   4.3476406e-01
   4.3517954e-01
   4.3563431e-01
   4.3610294e-01
   4.3649366e-01
   4.3692280e-01
   4.3736396e-01
   4.3773227e-01
   4.3813728e-01
   4.3855505e-01
   4.3890280e-01
   4.3928299e-01
   4.3967491e-01
   4.4000179e-01
   4.4035922e-01
   4.4072803e-01
   4.4103674e-01
   4.4137401e-01
   4.4172180e-01
   4.4201140e-01
   4.4232784e-01
   4.4265439e-01
   4.4292612e-01
   4.4322284e-01
   4.4353033e-01
   4.4378613e-01
   4.4406511e-01
   4.4435321e-01
   4.4459316e-01
   4.4485504e-01
   4.4512566e-01
   4.4535055e-01
   4.4559644e-01
   4.4585024e-01
   4.4606123e-01
   4.4629129e-01
   4.4652954e-01
   4.4672787e-01
   4.4694414e-01
   4.4716793e-01
   4.4735423e-01
   4.4755727e-01
   4.4776766e-01
   4.4794315e-01
   4.4813419e-01
   4.4833223e-01
   4.4849700e-01
   4.4867645e-01
   4.4886209e-01
   4.4901683e-01
   4.4918508e-01
   4.4935967e-01
   4.4950535e-01
   4.4966366e-01
   4.4982800e-01
   4.4996501e-01
   4.5011372e-01
   4.5026776e-01
   4.5039664e-01
   4.5053503e-01
   4.5067403e-01
   4.5078201e-01
   4.5087812e-01
   4.5094383e-01
   4.5095445e-01
   4.5090423e-01
   4.5076271e-01
   4.5048450e-01
   4.5000808e-01
   4.4934556e-01
   4.4856428e-01
   4.4747374e-01
   4.4595686e-01
   4.4409334e-01
   4.4216743e-01
   4.3967702e-01
   4.3663813e-01
   4.3361139e-01
   4.3043103e-01
   4.2635828e-01
   4.2144174e-01
   4.1683481e-01
   4.1223422e-01
   4.0756170e-01
   4.0278379e-01
   3.9791071e-01
   3.9290264e-01
   3.8779111e-01
   3.8258727e-01
   3.7731546e-01
   3.7197725e-01
   3.6660728e-01
   3.6117961e-01
   3.5573469e-01
   3.5026327e-01
   3.4477655e-01
   3.3928985e-01
   3.3382206e-01
   3.2838597e-01
   3.2302078e-01
   3.1774064e-01
   3.1262762e-01
   3.0778365e-01
   3.0328086e-01
   2.9924934e-01
   2.9571311e-01
   2.9267386e-01
   2.8975545e-01
   2.8735721e-01
   2.8620286e-01
   2.8680803e-01
   2.8948514e-01
   2.9374532e-01
   2.9842191e-01
