 1.0000000e-05
 2.2000000e-05
 3.6400000e-05
 5.3680000e-05
 7.4416000e-05
 9.9299200e-05
 1.2915904e-04
 1.6499085e-04
 2.0798902e-04
 2.5958682e-04
 3.2150419e-04
 3.9580502e-04
 4.8496603e-04
 5.9195923e-04
 7.2035108e-04
 8.7442129e-04
 1.0593056e-03
 1.2811667e-03
 1.5474000e-03
 1.8668800e-03
 2.2502560e-03
 2.7103072e-03
 3.2623686e-03
 3.9248424e-03
 4.7198108e-03
 5.6737730e-03
 6.8185276e-03
 8.1922331e-03
 9.8406797e-03
 1.1818816e-02
 1.4192579e-02
 1.7041095e-02
 2.0459314e-02
 2.4561176e-02
 2.9483411e-02
 3.5390094e-02
 4.2478112e-02
 5.0983735e-02
 6.1190482e-02
 7.3438578e-02
 8.8136294e-02
 1.0577355e-01
 1.2693826e-01
 1.5233592e-01
 1.8281310e-01
 2.1938572e-01
 2.6327286e-01
 3.1593744e-01
 3.7913492e-01
 4.5497191e-01
 5.4597629e-01
 6.5518155e-01
 7.8622786e-01
 9.4348343e-01
 1.1321901e+00
 1.3586381e+00
 1.6303758e+00
 1.9564609e+00
 2.3477631e+00
 2.8173257e+00
 3.3808009e+00
 4.0569710e+00
 4.8683752e+00
 5.8420603e+00
 7.0104823e+00
 8.4125888e+00
 1.0095117e+01
 1.2114150e+01
 1.4536990e+01
 1.7444398e+01
 2.0933287e+01
 2.5119955e+01
 3.0143956e+01
 3.6172757e+01
 4.3407318e+01
 5.2088792e+01
 6.2506561e+01
 7.5007883e+01
 9.0009469e+01
 1.0801137e+02
 1.2961366e+02
 1.5553640e+02
 1.8664369e+02
 2.2397244e+02
 2.6876693e+02
 3.2252033e+02
 3.8702441e+02
 4.6442930e+02
 5.5731517e+02
 6.6877821e+02
 8.0253386e+02
 9.5455724e+02
 1.0934033e+03
 1.2594111e+03
 1.4470331e+03
 1.6180004e+03
 1.8218219e+03
 2.0518210e+03
 2.2616029e+03
 2.5126119e+03
 2.7963821e+03
 3.0546412e+03
 3.3644861e+03
 3.7151932e+03
 4.0333454e+03
 4.4147829e+03
 4.8466898e+03
 5.2384740e+03
 5.7065598e+03
 6.2354817e+03
 6.7156776e+03
 7.2901887e+03
 7.9404986e+03
 8.5313139e+03
 9.2402922e+03
 1.0043882e+04
 1.0772528e+04
 1.1646904e+04
 1.2636979e+04
 1.3533741e+04
 1.4608955e+04
 1.5826348e+04
 1.6930138e+04
 1.8254687e+04
 1.9757289e+04
 2.1119036e+04
 2.2753133e+04
 2.4608311e+04
 2.6288535e+04
 2.8301780e+04
 3.0581653e+04
 3.2651395e+04
 3.5133508e+04
 3.7945304e+04
 4.0499454e+04
 4.3564434e+04
 4.7050644e+04
 5.0211230e+04
 5.3997138e+04
 5.8285611e+04
 6.2184350e+04
 6.6862836e+04
 7.2191484e+04
 7.7029501e+04
 8.2835122e+04
 8.9442546e+04
 9.5437301e+04
 1.0263101e+05
 1.1081252e+05
 1.1824519e+05
 1.2716440e+05
 1.3734554e+05
 1.4659061e+05
 1.5768470e+05
 1.7035329e+05
 1.8186070e+05
 1.9566959e+05
 2.1145365e+05
 2.2579717e+05
 2.4300940e+05
 2.6269322e+05
 2.8058563e+05
 3.0205652e+05
 3.2665371e+05
 3.4903246e+05
 3.7588696e+05
 4.0669246e+05
 4.3474125e+05
 4.6839979e+05
 5.0706535e+05
 5.4229609e+05
 5.8457299e+05
 6.3322598e+05
 6.7757709e+05
 7.3079842e+05
 7.9190272e+05
 8.4774896e+05
 9.1476444e+05
 9.9212037e+05
 1.0628675e+06
 1.1477641e+06
 1.2458125e+06
 1.3355144e+06
 1.4431567e+06
 1.5671700e+06
 1.6810922e+06
 1.8177989e+06
 1.9782446e+06
 2.1293144e+06
 2.3105982e+06
 2.5281387e+06
 2.7764367e+06
 3.0151549e+06
 3.3016168e+06
 3.6453710e+06
 4.0578761e+06
 4.5056885e+06
 4.9354922e+06
 5.4443702e+06
 6.0550238e+06
 6.7148541e+06
 7.3301134e+06
 8.0545787e+06
 8.8648448e+06
 9.6133426e+06
 1.0352155e+07
 1.1238730e+07
 1.2247004e+07
 1.3139877e+07
 1.3983515e+07
 1.4803255e+07
 1.5609020e+07
 1.6404368e+07
 1.7190335e+07
 1.7966372e+07
 1.8731362e+07
 1.9484605e+07
 2.0225538e+07
 2.0953726e+07
 2.1669020e+07
 2.2371552e+07
 2.3061588e+07
 2.3739550e+07
 2.4405868e+07
 2.5061118e+07
 2.5705575e+07
 2.6339024e+07
 2.6960688e+07
 2.7568629e+07
 2.8159018e+07
 2.8726890e+07
 2.9270875e+07
 2.9790823e+07
 3.0294209e+07
 3.0898273e+07
 3.1623149e+07
 3.2493001e+07
 3.3536823e+07
 3.4789410e+07
 3.6292513e+07
 3.8096238e+07
