   2.4551184e-01
   2.4993538e-01
   2.5041572e-01
   2.5116034e-01
   2.5202180e-01
   2.5336692e-01
   2.5439980e-01
   2.5568877e-01
   2.5714909e-01
   2.5879944e-01
   2.6090449e-01
   2.6286519e-01
   2.6504019e-01
   2.6782232e-01
   2.7022024e-01
   2.7228058e-01
   2.7498254e-01
   2.7796828e-01
   2.8104086e-01
   2.8427167e-01
   2.8728278e-01
   2.9031618e-01
   2.9350448e-01
   2.9632630e-01
   2.9902530e-01
   2.9876904e-01
   3.0077535e-01
   3.0283744e-01
   3.0413421e-01
   3.0485411e-01
   3.0516605e-01
   3.0527384e-01
   3.0527061e-01
   3.0522934e-01
   3.0588999e-01
   3.0590394e-01
   3.0597596e-01
   3.0611630e-01
   3.0631533e-01
   3.0658250e-01
   3.0627110e-01
   3.0664511e-01
   3.0707603e-01
   3.0749346e-01
   3.0719206e-01
   3.0741844e-01
   3.0778781e-01
   3.0788983e-01
   3.0797268e-01
   3.0805344e-01
   3.0813997e-01
   3.0823830e-01
   3.0835165e-01
   3.0848155e-01
   3.0863353e-01
   3.0881053e-01
   3.0900602e-01
   3.0811697e-01
   3.0842513e-01
   3.1538146e-01
   3.1602508e-01
   3.1531339e-01
   3.0658642e-01
   3.0731871e-01
   3.1439680e-01
   3.0393034e-01
   3.0231869e-01
   3.0475009e-01
   2.9692396e-01
   2.8034038e-01
   2.4829464e-01
   1.7211401e-01
   1.3084082e-01
   8.9468485e-02
   6.5763016e-02
   6.5741840e-02
   6.5716795e-02
   6.5687720e-02
   6.5652556e-02
   6.5611023e-02
   6.5561929e-02
   6.5508252e-02
   6.5406420e-02
   6.5320311e-02
   6.5238542e-02
   6.5139652e-02
   6.5023038e-02
   6.4858638e-02
   6.4717150e-02
   6.4509014e-02
   6.4315585e-02
   6.4108830e-02
   6.3936253e-02
   6.3714618e-02
   6.3510882e-02
   6.3339535e-02
   6.3115044e-02
   6.2925009e-02
   6.2726859e-02
   6.2540843e-02
   6.2349929e-02
   6.2187816e-02
   6.1954407e-02
   6.1768327e-02
   6.1610870e-02
   6.1442419e-02
   6.1244619e-02
   6.1059378e-02
   6.0901568e-02
   6.0716091e-02
   6.0555816e-02
   6.0388590e-02
   6.0185553e-02
   6.0055896e-02
   5.9891815e-02
   5.9719917e-02
   5.9595299e-02
   5.9375303e-02
   5.9219152e-02
   5.9104836e-02
   5.8921550e-02
   5.8774906e-02
   5.8661570e-02
   5.8491299e-02
   5.8356000e-02
   5.8251870e-02
   5.8075034e-02
   5.7936798e-02
   5.7816447e-02
   5.7697443e-02
   5.7556145e-02
   5.7464449e-02
   5.7318243e-02
   5.7210717e-02
   5.7133276e-02
   5.6971179e-02
   5.6862861e-02
   5.6773438e-02
   5.6679908e-02
   5.6540377e-02
   5.6462017e-02
   5.6384005e-02
   5.6317362e-02
   5.6188793e-02
   5.6108614e-02
   5.6028818e-02
   5.5958802e-02
   5.5897487e-02
   5.5799810e-02
   5.5756521e-02
   5.5717594e-02
   5.5615237e-02
   5.5569566e-02
   5.5531109e-02
   5.5495242e-02
   5.5443403e-02
   5.5416253e-02
   5.5378079e-02
   5.5368581e-02
   5.5308123e-02
   5.5293462e-02
   5.5290992e-02
   5.5283269e-02
   5.5266574e-02
   5.5275722e-02
   5.5285329e-02
   5.5299950e-02
   5.5325115e-02
   5.5335454e-02
   5.5383236e-02
   5.5393654e-02
   5.5438020e-02
   5.5502579e-02
   5.5562840e-02
   5.5599146e-02
   5.5676585e-02
   5.5756478e-02
   5.5851779e-02
   5.5953477e-02
   5.6013082e-02
   5.6121128e-02
   5.6247616e-02
   5.6370025e-02
   5.6509915e-02
   5.6663797e-02
   5.6777622e-02
   1.7115090e-01
   2.1468673e-01
   2.3256525e-01
   2.3874055e-01
   2.4738651e-01
   2.5567531e-01
   2.6080324e-01
   2.6433672e-01
   2.6788591e-01
   2.7052733e-01
   2.7202986e-01
   2.7207836e-01
   2.7180506e-01
   2.7078630e-01
   2.6821169e-01
   2.6533221e-01
   2.6176922e-01
   2.5671742e-01
   2.5115799e-01
   2.4571730e-01
   2.3950378e-01
   2.3177531e-01
   2.2376049e-01
   2.1613975e-01
   2.0878651e-01
   2.0172265e-01
   1.9469407e-01
   1.8741593e-01
   1.8073143e-01
   1.7367922e-01
   1.6735792e-01
   1.6054075e-01
   1.5449700e-01
   1.4815861e-01
   1.4253186e-01
   1.3684150e-01
   1.3109973e-01
   1.2592614e-01
   1.2069788e-01
   1.1574436e-01
   1.1086816e-01
   1.0613387e-01
   1.0164939e-01
   9.7559478e-02
   9.3588114e-02
   8.9950032e-02
   8.6718576e-02
   8.5325144e-02
   8.8963557e-02
   9.3800798e-02
   9.9935265e-02
   1.0578979e-01
   1.1004268e-01
   1.1282407e-01
   1.1302208e-01
   1.1182825e-01
   1.1055472e-01
   1.0838931e-01
   1.0629644e-01
   1.0354375e-01
