   3.3842116e-04
   3.3221963e-04
   3.3142642e-04
   3.3026158e-04
   3.2892010e-04
   3.2684951e-04
   3.2512320e-04
   3.2316240e-04
   3.2095876e-04
   3.1849416e-04
   3.1542137e-04
   3.1255769e-04
   3.0942511e-04
   3.0553824e-04
   3.0209876e-04
   2.9908463e-04
   2.9541664e-04
   2.9140901e-04
   2.8739550e-04
   2.8330059e-04
   2.7950232e-04
   2.7573193e-04
   2.7183051e-04
   2.6842699e-04
   2.6530105e-04
   2.6486205e-04
   2.6259913e-04
   2.6048474e-04
   2.5910541e-04
   2.5845489e-04
   2.5823599e-04
   2.5822976e-04
   2.5831589e-04
   2.5839600e-04
   2.5782060e-04
   2.5771013e-04
   2.5745447e-04
   2.5703833e-04
   2.5646604e-04
   2.5572006e-04
   2.5534292e-04
   2.5426279e-04
   2.5300080e-04
   2.5183545e-04
   2.5143055e-04
   2.5074060e-04
   2.5002333e-04
   2.4954782e-04
   2.4906083e-04
   2.4851426e-04
   2.4788803e-04
   2.4714813e-04
   2.4627852e-04
   2.4526746e-04
   2.4408303e-04
   2.4271575e-04
   2.4110702e-04
   2.4016908e-04
   2.3812454e-04
   2.3214819e-04
   2.3133918e-04
   2.3160644e-04
   2.3792442e-04
   2.3703954e-04
   2.3133317e-04
   2.3884238e-04
   2.3956819e-04
   2.3701518e-04
   2.4253937e-04
   2.5605703e-04
   2.8800599e-04
   4.1353137e-04
   5.4091626e-04
   7.8573605e-04
   1.0604149e-03
   1.0506532e-03
   1.0391578e-03
   1.0256642e-03
   1.0099127e-03
   9.9160202e-04
   9.7044057e-04
   9.4588663e-04
   9.1864851e-04
   8.8742471e-04
   8.5211924e-04
   8.1332750e-04
   7.7098730e-04
   7.2563412e-04
   6.7699545e-04
   6.2652153e-04
   5.7424366e-04
   5.2388686e-04
   4.8428319e-04
   4.4388788e-04
   4.0500306e-04
   3.7449944e-04
   3.4347629e-04
   3.1356623e-04
   2.9020771e-04
   2.6610960e-04
   2.4299312e-04
   2.2487642e-04
   2.0638081e-04
   1.8845093e-04
   1.7444533e-04
   1.6004407e-04
   1.4625626e-04
   1.3550298e-04
   1.2439262e-04
   1.1374504e-04
   1.0543034e-04
   9.6872913e-05
   8.8672486e-05
   8.2190187e-05
   7.5538855e-05
   6.9132630e-05
   6.4101710e-05
   5.8983914e-05
   5.3991177e-05
   5.0077255e-05
   4.6084509e-05
   4.2209123e-05
   3.9170264e-05
   3.6060482e-05
   3.3037137e-05
   3.0667723e-05
   2.8249212e-05
   2.5892192e-05
   2.4049394e-05
   2.2146388e-05
   2.0317634e-05
   1.8874635e-05
   1.7398254e-05
   1.5962391e-05
   1.4832735e-05
   1.3682407e-05
   1.2554804e-05
   1.1671075e-05
   1.0759911e-05
   9.8868339e-06
   9.1939016e-06
   8.4779255e-06
   7.7827768e-06
   7.2451872e-06
   6.6826349e-06
   6.1375291e-06
   5.7102753e-06
   5.2680804e-06
   4.8425128e-06
   4.5052595e-06
   4.1570491e-06
   3.8225094e-06
   3.5572579e-06
   3.2831227e-06
   3.0168731e-06
   2.8088946e-06
   2.5930474e-06
   2.3837093e-06
   2.2186145e-06
   2.0499950e-06
   1.8844060e-06
   1.7542151e-06
   1.6202268e-06
   1.4899934e-06
   1.3871753e-06
   1.2813160e-06
   1.1781514e-06
   1.0969161e-06
   1.0135706e-06
   9.3177444e-07
   8.6794968e-07
   8.0180377e-07
   7.3709841e-07
   6.8626284e-07
   6.3429886e-07
   5.8333624e-07
   5.4312808e-07
   5.0179345e-07
   4.6142763e-07
   4.2984431e-07
   3.9712365e-07
   3.6511522e-07
   3.3988417e-07
   3.1400835e-07
   2.8880230e-07
   2.6898915e-07
   8.2686607e-08
   6.0753353e-08
   5.2246918e-08
   4.7095366e-08
   4.1785376e-08
   3.7098954e-08
   3.3748080e-08
   3.0730500e-08
   2.7856566e-08
   2.5250741e-08
   2.3108954e-08
   2.1551525e-08
   2.0099180e-08
   1.8786731e-08
   1.7795067e-08
   1.7119211e-08
   1.6555726e-08
   1.6209902e-08
   1.6107029e-08
   1.6137134e-08
   1.6318121e-08
   1.6765602e-08
   1.7423852e-08
   1.8225187e-08
   1.9171567e-08
   2.0266361e-08
   2.1543398e-08
   2.3069064e-08
   2.4761938e-08
   2.6777724e-08
   2.8980328e-08
   3.1614136e-08
   3.4474466e-08
   3.7852738e-08
   4.1537519e-08
   4.5799633e-08
   5.0735549e-08
   5.6179721e-08
   6.2465451e-08
   6.9536758e-08
   7.7568695e-08
   8.6641283e-08
   9.6654805e-08
   1.0728586e-07
   1.1864459e-07
   1.3006647e-07
   1.4102751e-07
   1.4855049e-07
   1.4653094e-07
   1.4049113e-07
   1.2886013e-07
   1.1385180e-07
   9.7720409e-08
   8.2666627e-08
   7.1822471e-08
   6.5283157e-08
   6.2070472e-08
   6.1831159e-08
   6.2974041e-08
   6.4654289e-08
