   1.2000000e-05
   2.6400000e-05
   4.3680000e-05
   6.4416000e-05
   8.9299200e-05
   1.1915904e-04
   1.5499085e-04
   1.9798902e-04
   2.4958682e-04
   3.1150419e-04
   3.8580502e-04
   4.7496603e-04
   5.8195923e-04
   7.1035108e-04
   8.6442129e-04
   1.0493056e-03
   1.2711667e-03
   1.5374000e-03
   1.8568800e-03
   2.2402560e-03
   2.7003072e-03
   3.2523686e-03
   3.9148424e-03
   4.7098108e-03
   5.6637730e-03
   6.8085276e-03
   8.1822331e-03
   9.8306797e-03
   1.1808816e-02
   1.4182579e-02
   1.7031095e-02
   2.0449314e-02
   2.4551176e-02
   2.9473411e-02
   3.5380094e-02
   4.2468112e-02
   5.0973735e-02
   6.1180482e-02
   7.3428578e-02
   8.8126294e-02
   1.0576355e-01
   1.2692826e-01
   1.5232592e-01
   1.8280310e-01
   2.1937572e-01
   2.6326286e-01
   3.1592744e-01
   3.7912492e-01
   4.5496191e-01
   5.4596629e-01
   6.5517155e-01
   7.8621786e-01
   9.4347343e-01
   1.1321801e+00
   1.3586281e+00
   1.6303658e+00
   1.9564509e+00
   2.3477531e+00
   2.8173157e+00
   3.3807909e+00
   4.0569610e+00
   4.8683652e+00
   5.8420503e+00
   7.0104723e+00
   8.4125788e+00
   1.0095107e+01
   1.2114140e+01
   1.4536980e+01
   1.7444388e+01
   2.0933277e+01
   2.5119945e+01
   3.0143946e+01
   3.6172747e+01
   4.3407308e+01
   5.2088782e+01
   6.2506551e+01
   7.5007873e+01
   9.0009459e+01
   1.0801136e+02
   1.2961365e+02
   1.5553639e+02
   1.8664368e+02
   2.2397243e+02
   2.6876692e+02
   3.2252032e+02
   3.8702440e+02
   4.6442929e+02
   5.5731516e+02
   6.6877820e+02
   8.0253385e+02
   9.5455723e+02
   1.0934033e+03
   1.2594111e+03
   1.4470331e+03
   1.6180004e+03
   1.8218218e+03
   2.0518210e+03
   2.2616029e+03
   2.5126119e+03
   2.7963820e+03
   3.0546412e+03
   3.3644861e+03
   3.7151932e+03
   4.0333454e+03
   4.4147829e+03
   4.8466898e+03
   5.2384740e+03
   5.7065598e+03
   6.2354817e+03
   6.7156776e+03
   7.2901887e+03
   7.9404986e+03
   8.5313139e+03
   9.2402922e+03
   1.0043882e+04
   1.0772528e+04
   1.1646904e+04
   1.2636979e+04
   1.3533741e+04
   1.4608955e+04
   1.5826348e+04
   1.6930138e+04
   1.8254687e+04
   1.9757289e+04
   2.1119036e+04
   2.2753133e+04
   2.4608311e+04
   2.6288535e+04
   2.8301780e+04
   3.0581653e+04
   3.2651395e+04
   3.5133508e+04
   3.7945304e+04
   4.0499454e+04
   4.3564434e+04
   4.7050644e+04
   5.0211230e+04
   5.3997138e+04
   5.8285611e+04
   6.2184350e+04
   6.6862836e+04
   7.2191484e+04
   7.7029501e+04
   8.2835122e+04
   8.9442546e+04
   9.5437301e+04
   1.0263101e+05
   1.1081252e+05
   1.1824519e+05
   1.2716440e+05
   1.3734554e+05
   1.4659061e+05
   1.5768470e+05
   1.7035329e+05
   1.8186070e+05
   1.9566959e+05
   2.1145365e+05
   2.2579717e+05
   2.4300940e+05
   2.6269322e+05
   2.8058563e+05
   3.0205652e+05
   3.2665371e+05
   3.4903246e+05
   3.7588696e+05
   4.0669246e+05
   4.3474125e+05
   4.6839979e+05
   5.0706535e+05
   5.4229609e+05
   5.8457299e+05
   6.3322598e+05
   6.7757709e+05
   7.3079842e+05
   7.9190272e+05
   8.4774896e+05
   9.1476444e+05
   9.9212037e+05
   1.0628675e+06
   1.1477641e+06
   1.2458125e+06
   1.3355144e+06
   1.4431567e+06
   1.5671700e+06
   1.6810922e+06
   1.8177989e+06
   1.9782446e+06
   2.1293144e+06
   2.3105982e+06
   2.5281387e+06
   2.7764367e+06
   3.0151549e+06
   3.3016168e+06
   3.6453710e+06
   4.0578761e+06
   4.5056885e+06
   4.9354922e+06
   5.4443702e+06
   6.0550238e+06
   6.7148541e+06
   7.3301134e+06
   8.0545787e+06
   8.8648448e+06
   9.6133426e+06
   1.0352155e+07
   1.1238730e+07
   1.2247004e+07
   1.3139877e+07
   1.3983515e+07
   1.4803255e+07
   1.5609020e+07
   1.6404368e+07
   1.7190335e+07
   1.7966372e+07
   1.8731362e+07
   1.9484605e+07
   2.0225538e+07
   2.0953726e+07
   2.1669020e+07
   2.2371552e+07
   2.3061588e+07
   2.3739550e+07
   2.4405868e+07
   2.5061118e+07
   2.5705575e+07
   2.6339024e+07
   2.6960688e+07
   2.7568629e+07
   2.8159018e+07
   2.8726890e+07
   2.9270875e+07
   2.9790823e+07
   3.0294209e+07
   3.0898273e+07
   3.1623149e+07
   3.2493001e+07
   3.3536823e+07
   3.4789410e+07
   3.6292513e+07
   3.8096238e+07
