   1.0000000e-05     3.3842116e-04
   2.2000000e-05     3.3221963e-04
   3.6400000e-05     3.3142642e-04
   5.3680000e-05     3.3026158e-04
   7.4416000e-05     3.2892010e-04
   9.9299200e-05     3.2684951e-04
   1.2915904e-04     3.2512320e-04
   1.6499085e-04     3.2316240e-04
   2.0798902e-04     3.2095876e-04
   2.5958682e-04     3.1849416e-04
   3.2150419e-04     3.1542137e-04
   3.9580502e-04     3.1255769e-04
   4.8496603e-04     3.0942511e-04
   5.9195923e-04     3.0553824e-04
   7.2035108e-04     3.0209876e-04
   8.7442129e-04     2.9908463e-04
   1.0593056e-03     2.9541664e-04
   1.2811667e-03     2.9140901e-04
   1.5474000e-03     2.8739550e-04
   1.8668800e-03     2.8330059e-04
   2.2502560e-03     2.7950232e-04
   2.7103072e-03     2.7573193e-04
   3.2623686e-03     2.7183051e-04
   3.9248424e-03     2.6842699e-04
   4.7198108e-03     2.6530105e-04
   5.6737730e-03     2.6486205e-04
   6.8185276e-03     2.6259913e-04
   8.1922331e-03     2.6048474e-04
   9.8406797e-03     2.5910541e-04
   1.1818816e-02     2.5845489e-04
   1.4192579e-02     2.5823599e-04
   1.7041095e-02     2.5822976e-04
   2.0459314e-02     2.5831589e-04
   2.4561176e-02     2.5839600e-04
   2.9483411e-02     2.5782060e-04
   3.5390094e-02     2.5771013e-04
   4.2478112e-02     2.5745447e-04
   5.0983735e-02     2.5703833e-04
   6.1190482e-02     2.5646604e-04
   7.3438578e-02     2.5572006e-04
   8.8136294e-02     2.5534292e-04
   1.0577355e-01     2.5426279e-04
   1.2693826e-01     2.5300080e-04
   1.5233592e-01     2.5183545e-04
   1.8281310e-01     2.5143055e-04
   2.1938572e-01     2.5074060e-04
   2.6327286e-01     2.5002333e-04
   3.1593744e-01     2.4954782e-04
   3.7913492e-01     2.4906083e-04
   4.5497191e-01     2.4851426e-04
   5.4597629e-01     2.4788803e-04
   6.5518155e-01     2.4714813e-04
   7.8622786e-01     2.4627852e-04
   9.4348343e-01     2.4526746e-04
   1.1321901e+00     2.4408303e-04
   1.3586381e+00     2.4271575e-04
   1.6303758e+00     2.4110702e-04
   1.9564609e+00     2.4016908e-04
   2.3477631e+00     2.3812454e-04
   2.8173257e+00     2.3214819e-04
   3.3808009e+00     2.3133918e-04
   4.0569710e+00     2.3160644e-04
   4.8683752e+00     2.3792442e-04
   5.8420603e+00     2.3703954e-04
   7.0104823e+00     2.3133317e-04
   8.4125888e+00     2.3884238e-04
   1.0095117e+01     2.3956819e-04
   1.2114150e+01     2.3701518e-04
   1.4536990e+01     2.4253937e-04
   1.7444398e+01     2.5605703e-04
   2.0933287e+01     2.8800599e-04
   2.5119955e+01     4.1353137e-04
   3.0143956e+01     5.4091626e-04
   3.6172757e+01     7.8573605e-04
   4.3407318e+01     1.0604149e-03
   5.2088792e+01     1.0506532e-03
   6.2506561e+01     1.0391578e-03
   7.5007883e+01     1.0256642e-03
   9.0009469e+01     1.0099127e-03
   1.0801137e+02     9.9160202e-04
   1.2961366e+02     9.7044057e-04
   1.5553640e+02     9.4588663e-04
   1.8664369e+02     9.1864851e-04
   2.2397244e+02     8.8742471e-04
   2.6876693e+02     8.5211924e-04
   3.2252033e+02     8.1332750e-04
   3.8702441e+02     7.7098730e-04
   4.6442930e+02     7.2563412e-04
   5.5731517e+02     6.7699545e-04
   6.6877821e+02     6.2652153e-04
   8.0253386e+02     5.7424366e-04
   9.5455724e+02     5.2388686e-04
   1.0934033e+03     4.8428319e-04
   1.2594111e+03     4.4388788e-04
   1.4470331e+03     4.0500306e-04
   1.6180004e+03     3.7449944e-04
   1.8218219e+03     3.4347629e-04
   2.0518210e+03     3.1356623e-04
   2.2616029e+03     2.9020771e-04
   2.5126119e+03     2.6610960e-04
   2.7963821e+03     2.4299312e-04
   3.0546412e+03     2.2487642e-04
   3.3644861e+03     2.0638081e-04
   3.7151932e+03     1.8845093e-04
   4.0333454e+03     1.7444533e-04
   4.4147829e+03     1.6004407e-04
   4.8466898e+03     1.4625626e-04
   5.2384740e+03     1.3550298e-04
   5.7065598e+03     1.2439262e-04
   6.2354817e+03     1.1374504e-04
   6.7156776e+03     1.0543034e-04
   7.2901887e+03     9.6872913e-05
   7.9404986e+03     8.8672486e-05
   8.5313139e+03     8.2190187e-05
   9.2402922e+03     7.5538855e-05
   1.0043882e+04     6.9132630e-05
   1.0772528e+04     6.4101710e-05
   1.1646904e+04     5.8983914e-05
   1.2636979e+04     5.3991177e-05
   1.3533741e+04     5.0077255e-05
   1.4608955e+04     4.6084509e-05
   1.5826348e+04     4.2209123e-05
   1.6930138e+04     3.9170264e-05
   1.8254687e+04     3.6060482e-05
   1.9757289e+04     3.3037137e-05
   2.1119036e+04     3.0667723e-05
   2.2753133e+04     2.8249212e-05
   2.4608311e+04     2.5892192e-05
   2.6288535e+04     2.4049394e-05
   2.8301780e+04     2.2146388e-05
   3.0581653e+04     2.0317634e-05
   3.2651395e+04     1.8874635e-05
   3.5133508e+04     1.7398254e-05
   3.7945304e+04     1.5962391e-05
   4.0499454e+04     1.4832735e-05
   4.3564434e+04     1.3682407e-05
   4.7050644e+04     1.2554804e-05
   5.0211230e+04     1.1671075e-05
   5.3997138e+04     1.0759911e-05
   5.8285611e+04     9.8868339e-06
   6.2184350e+04     9.1939016e-06
   6.6862836e+04     8.4779255e-06
   7.2191484e+04     7.7827768e-06
   7.7029501e+04     7.2451872e-06
   8.2835122e+04     6.6826349e-06
   8.9442546e+04     6.1375291e-06
   9.5437301e+04     5.7102753e-06
   1.0263101e+05     5.2680804e-06
   1.1081252e+05     4.8425128e-06
   1.1824519e+05     4.5052595e-06
   1.2716440e+05     4.1570491e-06
   1.3734554e+05     3.8225094e-06
   1.4659061e+05     3.5572579e-06
   1.5768470e+05     3.2831227e-06
   1.7035329e+05     3.0168731e-06
   1.8186070e+05     2.8088946e-06
   1.9566959e+05     2.5930474e-06
   2.1145365e+05     2.3837093e-06
   2.2579717e+05     2.2186145e-06
   2.4300940e+05     2.0499950e-06
   2.6269322e+05     1.8844060e-06
   2.8058563e+05     1.7542151e-06
   3.0205652e+05     1.6202268e-06
   3.2665371e+05     1.4899934e-06
   3.4903246e+05     1.3871753e-06
   3.7588696e+05     1.2813160e-06
   4.0669246e+05     1.1781514e-06
   4.3474125e+05     1.0969161e-06
   4.6839979e+05     1.0135706e-06
   5.0706535e+05     9.3177444e-07
   5.4229609e+05     8.6794968e-07
   5.8457299e+05     8.0180377e-07
   6.3322598e+05     7.3709841e-07
   6.7757709e+05     6.8626284e-07
   7.3079842e+05     6.3429886e-07
   7.9190272e+05     5.8333624e-07
   8.4774896e+05     5.4312808e-07
   9.1476444e+05     5.0179345e-07
   9.9212037e+05     4.6142763e-07
   1.0628675e+06     4.2984431e-07
   1.1477641e+06     3.9712365e-07
   1.2458125e+06     3.6511522e-07
   1.3355144e+06     3.3988417e-07
   1.4431567e+06     3.1400835e-07
   1.5671700e+06     2.8880230e-07
   1.6810922e+06     2.6898915e-07
   1.8177989e+06     8.2686607e-08
   1.9782446e+06     6.0753353e-08
   2.1293144e+06     5.2246918e-08
   2.3105982e+06     4.7095366e-08
   2.5281387e+06     4.1785376e-08
   2.7764367e+06     3.7098954e-08
   3.0151549e+06     3.3748080e-08
   3.3016168e+06     3.0730500e-08
   3.6453710e+06     2.7856566e-08
   4.0578761e+06     2.5250741e-08
   4.5056885e+06     2.3108954e-08
   4.9354922e+06     2.1551525e-08
   5.4443702e+06     2.0099180e-08
   6.0550238e+06     1.8786731e-08
   6.7148541e+06     1.7795067e-08
   7.3301134e+06     1.7119211e-08
   8.0545787e+06     1.6555726e-08
   8.8648448e+06     1.6209902e-08
   9.6133426e+06     1.6107029e-08
   1.0352155e+07     1.6137134e-08
   1.1238730e+07     1.6318121e-08
   1.2247004e+07     1.6765602e-08
   1.3139877e+07     1.7423852e-08
   1.3983515e+07     1.8225187e-08
   1.4803255e+07     1.9171567e-08
   1.5609020e+07     2.0266361e-08
   1.6404368e+07     2.1543398e-08
   1.7190335e+07     2.3069064e-08
   1.7966372e+07     2.4761938e-08
   1.8731362e+07     2.6777724e-08
   1.9484605e+07     2.8980328e-08
   2.0225538e+07     3.1614136e-08
   2.0953726e+07     3.4474466e-08
   2.1669020e+07     3.7852738e-08
   2.2371552e+07     4.1537519e-08
   2.3061588e+07     4.5799633e-08
   2.3739550e+07     5.0735549e-08
   2.4405868e+07     5.6179721e-08
   2.5061118e+07     6.2465451e-08
   2.5705575e+07     6.9536758e-08
   2.6339024e+07     7.7568695e-08
   2.6960688e+07     8.6641283e-08
   2.7568629e+07     9.6654805e-08
   2.8159018e+07     1.0728586e-07
   2.8726890e+07     1.1864459e-07
   2.9270875e+07     1.3006647e-07
   2.9790823e+07     1.4102751e-07
   3.0294209e+07     1.4855049e-07
   3.0898273e+07     1.4653094e-07
   3.1623149e+07     1.4049113e-07
   3.2493001e+07     1.2886013e-07
   3.3536823e+07     1.1385180e-07
   3.4789410e+07     9.7720409e-08
   3.6292513e+07     8.2666627e-08
   3.8096238e+07     7.1822471e-08
   4.0260707e+07     6.5283157e-08
   4.2858071e+07     6.2070472e-08
   4.5974907e+07     6.1831159e-08
   4.9715110e+07     6.2974041e-08
   5.0000000e+07     6.4654289e-08
